Max: 800.00
Anual: 140,064.00
Mensal: 11,672.00, 11,672.00, 11,672.00, 11,672.00, 11,672.00, 11,672.00, 11,672.00, 11,672.00, 11,672.00, 11,672.00
Multa: 0.00
Multa Mensal: 0.00, 0.00, 0.00, 0.00, 0.00, 0.00, 0.00, 0.00, 0.00, 0.00

Min: 200.00
Anual: 234,782.28
Mensal: 2,918.00, 28,961.15, 29,180.00, 25,678.40, 15,348.68, 7,295.00, 29,180.00, 29,180.00, 27,297.89, 7,295.00
Multa: 199,766.28
Multa Mensal: 0.00, 26,043.15, 26,262.00, 22,760.40, 12,430.68, 4,377.00, 26,262.00, 26,262.00, 24,379.89, 4,377.00

Media: 581.00
Anual: 153,939.09
Mensal: 8,476.79, 17,843.57, 18,062.42, 14,560.82, 8,476.79, 8,476.79, 18,062.42, 18,062.42, 16,180.31, 8,476.79
Multa: 51,911.22
Multa Mensal: 0.00, 9,366.78, 9,585.63, 6,084.03, 0.00, 0.00, 9,585.63, 9,585.63, 7,703.52, 0.00

Otima: 762.00
Anual: 135,555.69
Mensal: 11,117.58, 11,599.05, 11,672.00, 11,117.58, 11,117.58, 11,117.58, 11,672.00, 11,672.00, 11,117.58, 11,117.58
Multa: 0.00
Multa Mensal: 0.00, 0.00, 0.00, 0.00, 0.00, 0.00, 0.00, 0.00, 0.00, 0.00

